0 0.000000 0.000000 0.000000 0.000000 0.000000 0.000000 0.000000 0.000000 0.000000 0.000000 0.000000 0.000000 0.000000 0.000000 0.000000 0.001348 0.000000 0.222222 0.000000 0.001282 0.000000 0.000000 0.000000 0.000000 0.000000 0.000000 0.000000 0.000000 0.000000 0.000000 0.000000 0.000000 0.000000 0.000000 0.000000 0.000000 0.000000 0.000000 0.000000 0.000000 0.000000 0.000000 0.017241 0.000000 0.000000 0.000000
1 0.031310 0.666667 0.500000 0.166667 0.033206 0.000000 0.000000 0.000000 0.000000 0.000000 0.023327 0.641157 0.498951 0.323153 0.026674 0.029246 0.500000 0.222222 0.111111 0.029398 0.689128 0.636228 0.869764 0.716400 0.725186 0.554961 0.695985 0.504060 0.602946 0.679534 0.730286 0.687414 0.529688 0.436996 0.643739 0.372337 0.646890 0.686107 0.823908 0.750092 0.385426 0.923077 0.086207 0.333333 0.448276 0.000000
1 0.078682 0.166667 0.500000 0.333333 0.080022 0.000000 0.000000 0.000000 0.000000 0.000000 0.108216 0.174635 0.501049 0.351114 0.112102 0.118642 0.562500 0.944444 0.333333 0.119184 0.696967 0.486387 0.938768 0.577082 0.209891 0.160965 0.185260 0.128353 0.205904 0.213219 0.256479 0.156858 0.352022 0.131372 0.079660 0.068825 0.649824 0.578581 0.868557 0.641385 0.010462 0.076923 0.074713 0.833333 0.678161 0.000000
1 0.019058 1.000000 1.000000 0.500000 0.022591 0.000000 0.000000 0.000000 0.000000 0.000000 0.021256 1.000000 1.000000 0.674267 0.028989 0.020426 0.875000 0.777778 0.388889 0.021043 0.949146 0.867628 1.000000 0.838125 0.776131 1.000000 1.000000 1.000000 0.505564 0.922004 1.000000 1.000000 0.769817 0.890277 0.896671 0.940500 0.918403 0.868457 1.000000 0.863460 0.016642 0.153846 0.040230 0.833333 0.896552 0.000000
0 0.039477 0.000000 0.750000 0.166667 0.040555 0.000000 0.000000 0.000000 0.000000 0.000000 0.036178 0.000000 0.751573 0.175557 0.039086 0.053319 0.187500 1.000000 0.111111 0.053668 0.605907 0.469614 0.827181 0.582661 0.000000 0.000000 0.000000 0.000000 0.266984 0.204123 0.323377 0.176450 0.287760 0.074987 0.002373 0.052280 0.565875 0.569440 0.769845 0.646567 0.073711 0.076923 0.034483 0.333333 0.218391 0.000000
1 0.004356 0.333333 0.500000 0.000000 0.005444 0.000000 0.000000 0.000000 0.000000 0.000000 0.005481 0.401239 0.623484 0.000000 0.008768 0.004200 0.187500 0.333333 0.277778 0.004354 0.905490 0.826222 0.615224 0.854925 1.000000 0.789158 0.732735 0.668890 0.604408 0.836653 0.893125 0.809715 0.000000 0.000000 0.000000 0.000000 0.912987 0.851143 0.676743 0.871849 0.001705 0.076923 0.000000 0.500000 0.425287 0.000000
0 0.005717 0.166667 0.250000 0.166667 0.006532 0.000000 0.000000 0.000000 0.000000 0.000000 0.006137 0.093975 0.125992 0.175557 0.006647 0.004907 0.437500 0.388889 0.111111 0.005106 0.391123 0.057740 0.132311 0.156797 0.136505 0.000000 0.000000 0.000000 0.111145 0.000000 0.000000 0.000000 0.287760 0.074987 0.002373 0.052280 0.359714 0.309091 0.140973 0.347101 0.484100 0.076923 0.040230 0.333333 0.264368 0.000000
0 0.003539 0.666667 0.500000 1.000000 0.006805 0.000000 0.000000 0.000000 0.000000 0.000000 0.007315 0.556365 0.425787 1.000000 0.011953 0.002122 0.500000 0.166667 0.555556 0.002431 1.000000 0.821213 0.618569 0.760794 0.629282 0.496730 0.322453 0.429135 0.586885 0.574740 0.203756 0.611026 0.691470 0.558130 0.320146 0.621233 0.927142 0.871843 0.672174 0.829637 0.647070 0.384615 0.028736 1.000000 0.827586 0.000000
1 0.004901 0.666667 0.250000 0.666667 0.007349 0.000000 0.000000 0.000000 0.000000 0.000000 0.007783 0.731390 0.372959 0.997420 0.014407 0.002719 0.562500 0.055556 0.333333 0.002918 0.982440 1.000000 0.695358 1.000000 0.808446 0.882109 0.887677 0.832278 0.715215 0.585253 0.718372 0.448802 1.000000 1.000000 1.000000 1.000000 1.000000 1.000000 0.817002 1.000000 0.783398 0.384615 0.040230 1.000000 0.804598 0.000000
0 0.000272 0.000000 0.000000 0.000000 0.000272 0.000000 0.000000 0.000000 0.000000 0.000000 0.000890 0.000000 0.000000 0.000000 0.000899 0.000022 0.312500 0.000000 1.000000 0.000376 0.481048 0.256745 0.000000 0.000000 0.000000 0.000000 0.000000 0.000000 0.000000 0.000000 0.000000 0.000000 0.000000 0.000000 0.000000 0.000000 0.427528 0.000000 0.000000 0.000000 0.005416 0.076923 0.000000 0.833333 1.000000 0.000000
